liver_data.csv
Age,Gender,Total_Bilirubin,Direct_Bilirubin,Alkaline_Phosphotase,SGPT,SGOT,Total_Proteins,Albumin,A/G_Ratio,Dataset
65,Female,0.7,0.1,187,16,18,6.8,3.3,0.9,1
62,Male,10.9,5.5,699,64,100,7.5,3.2,0.74,1
62,Male,7.3,4.1,490,60,68,7.0,3.3,0.89,1
58,Male,1.0,0.4,182,14,20,6.0,3.5,1.2,1
72,Male,3.9,2.0,195,27,59,6.8,3.2,0.8,1
46,Female,1.8,0.7,208,19,34,6.4,3.1,0.9,1
26,Male,0.9,0.2,154,22,19,6.1,3.4,1.3,2
29,Male,0.9,0.3,202,24,28,6.7,3.4,1.0,2
17,Male,1.0,0.4,190,18,30,6.9,4.0,1.4,2
55,Female,0.7,0.1,210,20,25,6.5,3.0,1.1,2

